    Finished test [unoptimized + debuginfo] target(s) in 0.27s
    Starting 1 test across 38 binaries (510 skipped)
       START             fuels::contracts test_sergio

running 1 test
[packages/fuels/tests/contracts.rs:36] &tx.id(0.into()) = 0x822f60c406b3b3cd3e523fd68fe130d2224347e83f595a71e35ea1c8dd49e066
[packages/fuels/tests/contracts.rs:39] ftx.to_bytes() = [
    0,
    0,
    0,
    0,
    0,
    0,
    0,
    0,
    0,
    0,
    0,
    0,
    0,
    0,
    3,
    223,
    0,
    0,
    0,
    0,
    0,
    0,
    0,
    24,
    0,
    0,
    0,
    0,
    0,
    0,
    0,
    88,
    0,
    0,
    0,
    0,
    0,
    0,
    0,
    7,
    0,
    0,
    0,
    0,
    0,
    0,
    0,
    2,
    0,
    0,
    0,
    0,
    0,
    0,
    0,
    2,
    0,
    0,
    0,
    0,
    0,
    0,
    0,
    1,
    0,
    0,
    0,
    0,
    0,
    0,
    0,
    0,
    0,
    0,
    0,
    0,
    0,
    0,
    0,
    0,
    0,
    0,
    0,
    0,
    0,
    0,
    0,
    0,
    0,
    0,
    0,
    0,
    0,
    0,
    0,
    0,
    114,
    64,
    40,
    160,
    114,
    68,
    40,
    120,
    93,
    69,
    16,
    0,
    114,
    72,
    40,
    128,
    45,
    65,
    20,
    138,
    36,
    4,
    0,
    0,
    0,
    0,
    0,
    0,
    0,
    0,
    0,
    0,
    0,
    0,
    0,
    0,
    0,
    0,
    0,
    0,
    0,
    0,
    0,
    0,
    0,
    0,
    0,
    0,
    0,
    0,
    0,
    0,
    0,
    0,
    0,
    0,
    0,
    0,
    0,
    0,
    0,
    0,
    0,
    0,
    132,
    96,
    81,
    226,
    63,
    239,
    174,
    231,
    88,
    7,
    237,
    1,
    195,
    100,
    0,
    150,
    185,
    198,
    187,
    146,
    215,
    109,
    199,
    105,
    155,
    228,
    152,
    181,
    242,
    182,
    215,
    102,
    0,
    0,
    0,
    0,
    156,
    44,
    31,
    51,
    0,
    0,
    0,
    0,
    0,
    0,
    0,
    15,
    0,
    0,
    0,
    0,
    0,
    0,
    0,
    0,
    0,
    0,
    0,
    0,
    0,
    0,
    2,
    208,
    0,
    0,
    0,
    0,
    0,
    0,
    0,
    0,
    0,
    0,
    0,
    0,
    0,
    0,
    0,
    1,
    0,
    0,
    0,
    0,
    0,
    0,
    0,
    0,
    0,
    0,
    0,
    0,
    0,
    0,
    0,
    0,
    0,
    0,
    0,
    0,
    0,
    0,
    0,
    0,
    0,
    0,
    0,
    0,
    0,
    0,
    0,
    0,
    0,
    0,
    0,
    0,
    0,
    0,
    0,
    0,
    0,
    0,
    0,
    0,
    0,
    0,
    0,
    0,
    0,
    0,
    0,
    0,
    0,
    0,
    0,
    0,
    0,
    0,
    0,
    0,
    0,
    0,
    0,
    0,
    0,
    0,
    0,
    0,
    0,
    0,
    0,
    0,
    0,
    0,
    0,
    0,
    0,
    0,
    0,
    0,
    0,
    0,
    0,
    0,
    0,
    0,
    0,
    0,
    0,
    0,
    0,
    0,
    0,
    0,
    0,
    0,
    0,
    0,
    0,
    0,
    0,
    0,
    0,
    0,
    0,
    0,
    0,
    0,
    0,
    0,
    0,
    0,
    0,
    0,
    0,
    0,
    0,
    0,
    0,
    0,
    132,
    96,
    81,
    226,
    63,
    239,
    174,
    231,
    88,
    7,
    237,
    1,
    195,
    100,
    0,
    150,
    185,
    198,
    187,
    146,
    215,
    109,
    199,
    105,
    155,
    228,
    152,
    181,
    242,
    182,
    215,
    102,
    0,
    0,
    0,
    0,
    0,
    0,
    0,
    0,
    54,
    203,
    26,
    35,
    83,
    134,
    158,
    165,
    209,
    44,
    20,
    19,
    144,
    110,
    158,
    245,
    7,
    3,
    100,
    54,
    14,
    219,
    1,
    195,
    34,
    4,
    16,
    45,
    0,
    79,
    62,
    241,
    0,
    0,
    0,
    0,
    0,
    0,
    0,
    1,
    9,
    192,
    178,
    209,
    164,
    134,
    196,
    57,
    168,
    123,
    203,
    166,
    180,
    106,
    122,
    26,
    35,
    243,
    137,
    124,
    200,
    58,
    148,
    82,
    26,
    150,
    218,
    92,
    35,
    188,
    88,
    219,
    0,
    0,
    0,
    0,
    59,
    154,
    202,
    0,
    0,
    0,
    0,
    0,
    0,
    0,
    0,
    0,
    0,
    0,
    0,
    0,
    0,
    0,
    0,
    0,
    0,
    0,
    0,
    0,
    0,
    0,
    0,
    0,
    0,
    0,
    0,
    0,
    0,
    0,
    0,
    0,
    0,
    0,
    0,
    0,
    0,
    0,
    0,
    0,
    0,
    0,
    0,
    0,
    0,
    0,
    0,
    0,
    0,
    0,
    0,
    0,
    0,
    0,
    0,
    0,
    0,
    0,
    0,
    0,
    0,
    0,
    0,
    0,
    0,
    0,
    0,
    0,
    0,
    0,
    0,
    0,
    0,
    0,
    0,
    0,
    0,
    0,
    0,
    0,
    0,
    0,
    0,
    0,
    0,
    0,
    0,
    0,
    0,
    0,
    0,
    0,
    0,
    0,
    0,
    1,
    0,
    0,
    0,
    0,
    0,
    0,
    0,
    0,
    0,
    0,
    0,
    0,
    0,
    0,
    0,
    0,
    0,
    0,
    0,
    0,
    0,
    0,
    0,
    0,
    0,
    0,
    0,
    0,
    0,
    0,
    0,
    0,
    0,
    0,
    0,
    0,
    0,
    0,
    0,
    0,
    0,
    0,
    0,
    0,
    0,
    0,
    0,
    0,
    0,
    0,
    0,
    0,
    0,
    0,
    0,
    0,
    0,
    0,
    0,
    0,
    0,
    0,
    0,
    0,
    0,
    0,
    0,
    0,
    0,
    0,
    0,
    0,
    0,
    0,
    0,
    0,
    0,
    0,
    0,
    2,
    9,
    192,
    178,
    209,
    164,
    134,
    196,
    57,
    168,
    123,
    203,
    166,
    180,
    106,
    122,
    26,
    35,
    243,
    137,
    124,
    200,
    58,
    148,
    82,
    26,
    150,
    218,
    92,
    35,
    188,
    88,
    219,
    0,
    0,
    0,
    0,
    0,
    0,
    0,
    0,
    0,
    0,
    0,
    0,
    0,
    0,
    0,
    0,
    0,
    0,
    0,
    0,
    0,
    0,
    0,
    0,
    0,
    0,
    0,
    0,
    0,
    0,
    0,
    0,
    0,
    0,
    0,
    0,
    0,
    0,
    0,
    0,
    0,
    0,
    0,
    0,
    0,
    0,
    0,
    64,
    93,
    64,
    225,
    224,
    130,
    62,
    22,
    57,
    172,
    240,
    95,
    161,
    116,
    184,
    219,
    140,
    146,
    228,
    202,
    114,
    198,
    197,
    250,
    62,
    4,
    77,
    170,
    50,
    32,
    2,
    141,
    180,
    251,
    14,
    159,
    18,
    82,
    7,
    15,
    3,
    124,
    74,
    10,
    124,
    57,
    126,
    35,
    179,
    111,
    16,
    152,
    201,
    229,
    220,
    112,
    36,
    54,
    200,
    81,
    154,
    252,
    194,
    33,
    175,
]
test test_sergio ... ok

test result: ok. 1 passed; 0 failed; 0 ignored; 0 measured; 35 filtered out; finished in 0.72s

        PASS [   0.727s] fuels::contracts test_sergio
------------
     Summary [   0.729s] 1 test run: 1 passed, 510 skipped
